10
15 1 24 19 7
6 8 11 23 21
5 3 22 4 18
12 20 10 25 16
17 9 2 14 13
13 2 25 6 7
15 1 5 20 17
8 9 19 21 10
23 14 12 4 18
16 11 22 3 24
6 14 7 12 5
17 24 2 18 9
25 13 15 10 4
3 19 8 11 16
20 1 21 22 23
9 8 3 1 20
12 16 5 22 14
6 19 13 17 2
15 24 7 21 11
25 4 23 10 18
8 6 19 1 18
15 12 20 7 10
11 14 4 17 25
9 13 23 2 21
5 22 24 3 16
5 17 25 10 18
12 22 14 2 24
23 15 3 13 6
20 4 9 1 8
7 11 21 19 16
22 6 9 5 11
8 16 15 17 23
18 10 25 2 14
12 3 13 24 19
20 7 21 4 1
5 18 16 11 13
17 25 24 7 2
19 15 21 23 1
6 14 12 10 22
8 3 9 4 20
24 12 13 10 19
14 21 5 18 7
16 8 1 3 20
15 4 9 17 11
23 6 22 2 25
21 19 17 1 7
12 4 13 23 14
25 22 20 10 6
16 8 5 9 18
2 11 3 24 15